   212850028
   451231347
   189695537
   239757231
   171096576
   475896798
     8365964
   313580494
    85560229
   206005527
   370979491
    31599583
   483104746
    87802908
    85400712
   286186432
   324346867
   312833601
   144939384
   209636014
   157517953
   398560129
   160269431
    40554126
   217423011
   460300462
   505714497
   355853870
   454447419
     1479121
   248237527
   285934807
   422987290
   142599230
   527610169
   164703721
   322581074
   326801149
   114052010
   475610484
   163561247
    81529000
   181280533
   208024736
   345534784
   404560117
   324063351
   285415239
   246616755
   350301447
   175653739
   508077885
   197589549
   506746369
     3988011
   277346995
   146442531
    13045487
   317802591
   110038752
   471207194
    31873269
   140038531
   162579892
   478617003
   267467573
   381191406
   153767070
   464351487
   362677494
   246149494
   515199506
   415899955
   202159072
   122749474
   190338589
   161231846
   359577156
   385991556
   303843975
   442630660
   209707801
   439571037
   453122789
    96887725
   506480912
   228108941
   279529816
    35242161
   490435095
   473833145
   408753529
   214169532
   369504424
   408852408
   217437058
    67243574
   260185386
   119433463
   468752526
   283908591
      759114
   461984017
    10038072
   437491005
   130397135
   168884174
   518472779
   502274117
   434559562
   264198622
   118184142
   309427009
   155171019
   172371215
   140296651
    93408855
      975654
    24043260
   129479372
   223043263
   376681198
   119102288
   270534327
    35986507
   211023956
   257416545
   117114001
   117849015
   491881972
   188023538
   103451587
   113405715
   340204631
    28757651
   420590054
    16467905
   238422124
    94710781
   500459557
   488362833
   253856188
   467987108
   373429220
   499390865
   244324449
   213978533
   479588084
   372344415
   450291295
   397122246
   349647057
   364080640
   309887954
   146629001
   502181748
   355375103
    25454355
   200273106
   331890206
    79793901
   202564033
   346061760
    13791022
   451711923
    41349084
   398697842
   137431270
   484173076
   202747645
   171546019
   113513093
   348177618
   134923519
   122752266
   134712582
   506387108
    73398223
   144987514
   294584406
   173957382
   464435477
   159291115
   365103429
   447291733
   470463180
   348785386
    39253504
   482402876
   136140159
   328198608
   451985411
   446686169
   200030817
   406436450
    58634203
   456775392
   300287113
   460409189
   184198463
   371390320
   185326058
   479738758
   514701464
    65355970
   526961680
    29541160
   330054917
    20469067
   202116829
   282181458
   151356503
   300935993
   326010507
   438321888
   239731222
    14555447
   253324246
   152953342
   157154552
   105054792
     9437861
   445386906
   307715309
    56253558
   393513054
    63939881
   120198956
   508551607
   396774614
   440961887
   443525221
   134743608
   137704852
   181565769
   208424554
   283101450
   143027058
   215403251
   467557132
    24637925
   158147835
   211659137
   300648459
   166870534
   441616810
   255271729
    48932256
   140875265
   492333427
