   212850028
   451231347
   189695537
   239757231
   171096576
   475896798
     8365964
   313580494
    85560229
   206005527
   370979491
    31599583
   483104746
    87802908
    85400712
   286186432
   324346867
   312833601
   144939384
   209636014
   157517953
   398560129
   160269431
    40554126
   217423011
   460300462
   505714497
   355853870
   454447419
     1479121
   248237527
   285934807
   422987290
   142599230
   527610169
   164703721
   322581074
   326801149
   114052010
   475610484
   163561247
    81529000
   181280533
   208024736
   345534784
   404560117
   324063351
   285415239
   246616755
   350301447
